custom: 0.365753429101
accuracy: 0.499189264747
0 1 2 3 4 custom: 0.365753429101
accuracy: 0.499189264747
0 1 2 3 4 custom: 0.365753429101
accuracy: 0.499189264747
0 1 2 3 4 

custom: 0.365753429101
accuracy: 0.499189264747
0 1 2 3 4 

custom: 0.365753429101
accuracy: 0.499189264747
0 1 2 4 

custom: 0.365753429101
accuracy: 0.499189264747
0 1 2 

custom: 0.365753429101
accuracy: 0.499189264747
0 1 

separate


custom: 0.361031223275
accuracy: 0.504340229242
0 1 2 3 

custom: 0.361031223275
accuracy: 0.504340229242
0 1 2 

custom: 0.361031223275
accuracy: 0.504340229242
0 1 

separate


custom: 0.361031223275
accuracy: 0.504340229242
0 1 2 3 


separate
custom: 0.170441007544
accuracy: 0.568
f1: 0.704603124031
0 1 2 3 

custom: 0.220152024455
accuracy: 0.4472
f1: 0.568123162241
3 1 2 

custom: 0.259093134253
accuracy: 0.4322
f1: 0.534185315855
3 1 

custom: 0.170441007544
accuracy: 0.568
f1: 0.704603124031
0 1 2 3 

custom: 0.220152024455
accuracy: 0.4472
f1: 0.568123162241
3 1 2 

custom: 0.259093134253
accuracy: 0.4322
f1: 0.534185315855
3 1 

custom: 0.170441007544
accuracy: 0.568
f1: 0.704603124031
0 1 2 3 

custom: 0.220152024455
accuracy: 0.4472
f1: 0.568123162241
3 1 2 

custom: 0.259093134253
accuracy: 0.4322
f1: 0.534185315855
3 1 

custom: 0.170441007544
accuracy: 0.568
f1: 0.704603124031
0 1 2 3 

custom: 0.220152024455
accuracy: 0.4472
f1: 0.568123162241
3 1 2 

custom: 0.259093134253
accuracy: 0.4322
f1: 0.534185315855
3 1 

custom: 0.268841239008
accuracy: 0.4084
f1: 0.48733172241
-1 3 

custom: 0.170441007544
accuracy: 0.568
f1: 0.704603124031
0 1 2 3 

custom: 0.220152024455
accuracy: 0.4472
f1: 0.568123162241
3 1 2 

custom: 0.259093134253
accuracy: 0.4322
f1: 0.534185315855
3 1 

custom: 0.268841239008
accuracy: 0.4084
f1: 0.48733172241
-1 3 

custom: 0.170441007544
accuracy: 0.568
f1: 0.704603124031
0 1 2 3 

custom: 0.220152024455
accuracy: 0.4472
f1: 0.568123162241
3 1 2 

custom: 0.259093134253
accuracy: 0.4322
f1: 0.534185315855
3 1 

custom: 0.268841239008
accuracy: 0.4084
f1: 0.48733172241
3 

custom: 0.173402869478
accuracy: 0.5643
f1: 0.699279959745
0 1 2 3 4 5 6 7 8 9 10 11 12 13 14 15 16 17 18 19 20 21 22 23 24 25 

custom: 0.224592705383
accuracy: 0.5625
f1: 0.693458569396
19 17 5 16 12 21 20 1 2 7 23 4 0 14 25 13 10 15 18 22 24 

custom: 0.233740052464
accuracy: 0.564
f1: 0.692338057029
1 4 0 5 21 22 23 24 25 15 13 14 16 17 19 20 12 

custom: 0.333826643807
accuracy: 0.5459
f1: 0.665908663635
15 12 0 14 16 13 4 17 19 20 21 22 23 24 

custom: 0.333775516797
accuracy: 0.5465
f1: 0.666331742071
12 0 13 14 15 16 17 19 20 21 22 23 

custom: 0.336662451282
accuracy: 0.5502
f1: 0.66814966534
0 12 13 14 15 16 17 19 20 21 

custom: 0.337285993593
accuracy: 0.5478
f1: 0.665647523408
12 13 14 15 16 17 19 20 

custom: 0.345846733947
accuracy: 0.5437
f1: 0.661922403258
12 13 14 15 16 17 19 

custom: 0.374525633301
accuracy: 0.4696
f1: 0.555486485564
12 13 14 15 16 17 

custom: 0.378067090275
accuracy: 0.5383
f1: 0.651213687908
12 13 14 15 16 

custom: 0.375411577632
accuracy: 0.5456
f1: 0.660053607377
12 13 14 15 

custom: 0.375069866006
accuracy: 0.5441
f1: 0.658364271478
12 13 14 

custom: 0.248393449279
accuracy: 0.3924
f1: 0.390170608021
12 13 

custom: 0.216514039204
accuracy: 0.3922
f1: 0.393338365156
12 

custom: 0.17605222422
accuracy: 0.5612
f1: 0.696740552417
0 1 2 3 4 5 6 7 8 9 10 11 12 13 14 15 16 17 18 19 20 21 22 23 24 25 26 

custom: 0.222835242622
accuracy: 0.5627
f1: 0.694296716784
17 16 19 12 20 21 1 2 23 26 13 18 10 15 22 24 9 7 0 14 25 5 

custom: 0.201859962032
accuracy: 0.5671
f1: 0.699765768308
0 2 5 1 10 13 14 19 20 16 12 15 18 22 23 24 25 26 

custom: 0.208351707743
accuracy: 0.5715
f1: 0.703609423964
10 18 19 20 22 23 24 25 26 0 5 13 15 16 12 

custom: 0.322853615068
accuracy: 0.542
f1: 0.662680764703
15 16 18 19 20 22 23 24 25 26 0 12 

custom: 0.318734631136
accuracy: 0.5434
f1: 0.664805689683
12 15 16 18 19 20 22 23 24 25 

custom: 0.32358302975
accuracy: 0.5458
f1: 0.664594292038
12 15 16 18 19 20 22 23 

custom: 0.31826224046
accuracy: 0.5478
f1: 0.667195559052
12 15 16 18 19 20 22 

custom: 0.29339688676
accuracy: 0.5495
f1: 0.671524583476
12 15 16 18 19 20 

custom: 0.346893356964
accuracy: 0.5454
f1: 0.663642159373
12 15 16 18 19 

custom: 0.379075491215
accuracy: 0.5394
f1: 0.652334330949
12 15 16 18 

custom: 0.382348775085
accuracy: 0.5385
f1: 0.650786347431
12 15 16 

custom: 0.344543133094
accuracy: 0.4234
f1: 0.462357060513
12 15 

custom: 0.216514039204
accuracy: 0.3922
f1: 0.393338365156
12 

custom: 0.438008493322
accuracy: 0.8129
f1: 0.109084207583
0 1 2 3 4 5 6 7 8 9 10 11 12 13 14 15 16 17 18 19 20 21 22 23 24 25 26 

custom: 0.484028414257
accuracy: 0.7733
f1: 0.197210352334
21 16 17 6 19 3 5 8 1 2 4 13 14 25 0 9 10 15 22 24 18 7 

custom: 0.513879074351
accuracy: 0.8337
f1: 0.157908954314
0 2 4 1 17 18 15 13 16 19 21 14 10 22 24 25 8 9 

custom: 0.155498525591
accuracy: 0.8528
f1: 0.0359508561204
8 10 9 4 2 13 14 15 17 18 19 21 22 24 25 

custom: 0.211912194289
accuracy: 0.8487
f1: 0.0439152507556
8 4 2 9 13 14 15 17 18 19 21 22 

custom: 0.188647395668
accuracy: 0.8511
f1: 0.0400428010938
2 13 14 15 17 18 19 21 22 8 

custom: 0.193565152717
accuracy: 0.8521
f1: 0.0406902994078
2 13 14 15 17 18 19 21 

custom: 0.162731401092
accuracy: 0.8542
f1: 0.0358172752998
13 14 15 17 18 19 21 

custom: 0.16147456792
accuracy: 0.8545
f1: 0.0402969247084
13 14 15 17 18 19 

custom: 0.299016662238
accuracy: 0.8512
f1: 0.0901639344262
13 14 15 17 18 

custom: 0.299016662238
accuracy: 0.8512
f1: 0.0901639344262
13 14 15 17 

custom: 0.0
accuracy: 0.8565
f1: 0.0
13 14 15 

custom: 0.0
accuracy: 0.8557
f1: 0.0
13 14 

custom: 0.0
accuracy: 0.8573
f1: 0.0
13 

custom: 0.438008493322
accuracy: 0.8129
f1: 0.109084207583
0 1 2 3 4 5 6 7 8 9 10 11 12 13 14 15 16 17 18 19 20 21 22 23 24 25 26 

custom: 0.482520909503
accuracy: 0.7895
f1: 0.184408346837
21 16 17 6 19 3 5 8 1 2 4 13 14 25 0 9 10 15 22 24 18 7 23 20 11 

custom: 0.468548786742
accuracy: 0.8291
f1: 0.130307881875
0 2 1 3 24 21 22 11 17 18 13 16 19 20 15 14 10 25 8 9 23 4 5 

custom: 0.480299696497
accuracy: 0.8066
f1: 0.143787171472
5 8 11 3 23 24 25 9 10 17 14 4 15 16 19 22 20 0 21 1 2 

custom: 0.505757636438
accuracy: 0.8262
f1: 0.159823884305
14 9 15 10 5 8 17 2 4 19 20 21 22 23 24 25 11 16 1 

custom: 0.501419354522
accuracy: 0.8264
f1: 0.159488156013
11 9 17 1 15 2 14 16 8 19 20 21 22 23 24 25 10 5 

custom: 0.509805298567
accuracy: 0.8258
f1: 0.158045593921
11 9 2 1 14 15 16 5 10 19 20 21 22 23 24 25 17 

custom: 0.505247169946
accuracy: 0.826
f1: 0.154731165896
9 11 16 1 15 14 5 2 17 19 20 21 22 23 24 25 

custom: 0.497208334307
accuracy: 0.8241
f1: 0.149740365157
9 11 2 5 15 14 1 16 17 19 20 21 22 23 24 

custom: 0.489518859536
accuracy: 0.826
f1: 0.147847868394
9 11 5 1 2 14 15 16 17 19 20 21 22 23 

custom: 0.485029048198
accuracy: 0.828
f1: 0.145378500673
9 5 11 1 14 15 16 17 19 20 21 22 23 

custom: 0.481362668808
accuracy: 0.8253
f1: 0.141019956505
5 11 14 15 16 17 19 20 21 22 23 9 

custom: 0.474827263653
accuracy: 0.825
f1: 0.136634964819
5 9 11 14 15 16 17 19 20 21 22 

custom: 0.453608363154
accuracy: 0.8216
f1: 0.12463914736
5 11 14 15 16 17 19 20 21 22 

custom: 0.433014127377
accuracy: 0.8206
f1: 0.115276092116
5 11 14 15 16 17 19 20 21 

custom: 0.492148074469
accuracy: 0.8003
f1: 0.141926578953
5 11 14 15 16 17 19 20 

custom: 0.519210047749
accuracy: 0.8208
f1: 0.158959221794
5 11 14 15 16 17 19 

custom: 0.292151741844
accuracy: 0.8345
f1: 0.0814332247557
5 11 14 15 16 17 

custom: 0.0605190038022
accuracy: 0.8094
f1: 0.00912408759124
5 11 14 15 16 

custom: 0.0
accuracy: 0.8199
f1: 0.0
5 11 14 15 

custom: 0.0
accuracy: 0.8199
f1: 0.0
5 11 14 

custom: 0.0
accuracy: 0.82
f1: 0.0
5 11 

custom: 0.0
accuracy: 0.8207
f1: 0.0
5 

custom: 0.0
accuracy: 0.86405
f1: 0.0
0 1 2 3 4 5 6 7 8 9 10 11 12 13 14 15 16 17 18 19 20 21 22 23 24 25 26 

custom: 0.0
accuracy: 0.86405
f1: 0.0
0 1 2 3 4 5 6 7 8 9 10 11 12 13 14 15 16 17 18 19 20 21 22 23 24 

custom: 0.0
accuracy: 0.864
f1: 0.0
0 1 2 3 4 5 6 7 8 9 10 11 12 13 14 15 16 17 18 19 20 21 22 

custom: 0.0
accuracy: 0.8639
f1: 0.0
0 1 2 3 4 5 6 7 8 9 10 11 12 13 14 15 16 17 18 19 20 

custom: 0.0
accuracy: 0.86315
f1: 0.0
0 1 2 3 4 5 6 7 8 9 10 11 12 13 14 15 16 17 18 

